1000	0.6416577944004
1005	-0.550207573455553
1010	0.0855398519187096
1015	-1.09209320063484
1019	-1.22176817843536
1027	-1.27792259068459
1029	-4.61687160351978
1034	2.27830057984184
1036	1.94128200235944
1045	-0.919032830696665
1046	-0.379958777325274
1047	1.79057697938835
1052	-0.513718346321506
1058	-2.46433449698337
1059	-2.81609461074093
1078	0.21466274938227
1085	0.136371046671948
1089	2.70319436957355
1098	-0.00824467288827124
1103	-1.3331931215482
1104	-4.66731446029627
1105	-0.738093016794744
1114	-1.01347595021143
1119	0.908697823602628
1121	-4.51368380405419
1123	-1.0203282886998
11241	-0.720074940648725
11249	-0.639448404798295
11253	-1.19506434035552
11254	-3.10945451110636
11255	1.77075585450793
11258	-1.50297799598492
11259	-0.282532157889329
11263	-0.960432954473994
11264	-0.792915278364418
11265	1.25710351069298
11266	-1.02072815204966
11267	-0.351725151698367
11271	-1.03061487877293
11275	-1.54394464566114
11276	-0.146556802064936
11279	-1.89077644224707
11281	-0.139636526264493
11285	-4.40024262839001
11287	-3.01487652004365
11288	-4.71121397934142
1129	-1.12236782681859
11290	-0.73552597212756
11291	-1.86684526198532
11292	-1.50871589023571
11293	-1.78155389346307
11294	0.469488015484516
11295	-1.07878799418914
11298	-2.97867834030138
11300	-1.04385657984
11303	-2.69585410922949
11305	1.26323894850356
11306	-0.49866556025388
11307	2.62922975799495
11309	2.23195027207385
11312	-2.1959498073978
11313	2.16687638600585
11314	-1.16940304398408
11316	-0.896558600395236
11317	0.803729229614738
11319	-0.312999981785139
11320	-6.26925342057217
11321	-4.25567563247988
11322	-2.42404354625237
11323	-2.65941899997248
11325	-1.28226664599542
11326	-4.56425399547825
11327	-1.61587444703288
11328	-2.79327582262065
11329	-3.12499044921296
11330	1.42676083095712
11331	-3.78127128663932
11332	0.109303525875069
11333	0.766576295220711
11334	1.85057897876582
11337	-5.1749114230508
11338	-1.50271493668462
11340	-3.02012193768618
11341	-2.11531309622259
11342	-3.8002094097798
11344	-5.32088689939437
11345	-4.66876621182533
11346	-0.475831897461731
11349	-3.47363264849091
11353	-1.5210606978489
11355	-2.74173063074497
11357	-3.80049672912384
11358	-2.01273673459153
1137	-3.1559936298454
11370	0.68177628209797
11371	-2.64942524362322
11372	-2.64358313628029
11374	-2.21471920593482
11377	-2.11385989130504
11381	-0.369931306183117
11383	-1.93721098046668
11385	-0.775430640356237
11389	-1.04046389932925
11391	-2.83953501815547
11393	-1.54153323394517
11394	0.232614679343196
11395	3.30606952732928
11396	-2.15241332495823
11397	-2.23169359037958
11398	-2.33492522046302
11399	-1.31821115572199
11400	1.21625877550736
11402	0.0496240319327237
11403	-2.58376127048538
11404	-4.22155570173019
11408	0.565214610261963
11410	-0.645147220507858
11412	-0.47378607732363
11417	-3.43357546474502
11422	-2.51021791238133
11423	-1.26092450996683
11424	2.44921296807626
11425	-2.72346016785359
11426	-2.53610937393562
11427	-4.96034779192462
11428	0.0327635459767772
11429	-5.2498083468112
11430	3.02515552683202
11431	-0.00805464175026449
11432	-3.08606828884363
11433	-1.75970383161718
11440	-3.43761983435719
11443	-2.85157837902224
11445	-2.21200257820808
11447	-1.20408737847459
11448	-2.84215907406983
11449	-6.41148519968244
11452	-0.0440185395613115
11456	-2.32072267647406
11457	-3.33154675875192
11458	1.16732461845701
1146	1.09978077130801
11460	0.587737652333833
11463	-5.2913220395865
11464	0.00759788798905214
11465	2.94242722840272
11468	1.67739879970723
11469	1.48331986484826
11470	-0.344790848954435
11471	-2.37489256537299
11472	2.55756224138124
11474	-1.08973921185739
11475	-2.18442854117681
11476	-2.19089498226938
11480	-1.56373381116961
11481	-0.488000573790511
11482	-2.30174054689805
11483	-0.121124872141444
11485	-1.82266114577588
11486	-2.74681824742902
11489	-0.876176906366645
11491	-2.8701161892892
11492	-4.46651830663206
11493	-3.19223969144624
11494	0.558350465519015
11495	-1.92756712660007
11497	-2.05959088544988
11498	-2.30629754047399
11499	-4.59967534898688
11500	-0.24744034909133
11502	-2.94380556418224
11505	-3.08400400658891
11506	-0.829322126261323
11507	-3.08904800907726
1159	0.119993961557549
1166	-1.62557854773345
1172	-3.39937971272579
1183	-4.30459250272882
1195	0.0420629058980821
1200	0.00661828727220559
1214	0.129438160378244
12306	0.619192615176118
12308	1.09872755478423
1239	-2.48156007450045
1258	-3.08045726492055
1271	-2.22796763232444
1275	-3.02811488825406
1282	2.88701507546047
129	-0.560774247048867
1302	-1.573222388291
134	-0.457309556931112
135	-0.603506035661408
141	-3.04238613712561
142	3.87706915366542
14543	-2.43058791626011
14546	-0.553440826700764
14547	1.55304015013568
14548	-0.13922446853355
14549	-0.729539395082923
14550	-3.3140395567083
14551	-2.52500606900491
14552	-4.6031645344026
14553	-2.54986847145756
14555	0.599027030213608
14556	-1.20833363053777
14557	-2.7167573112995
14558	-0.0546748668690356
14560	-0.91221730304436
14562	-1.07487448089296
149	-0.880409603638545
18198	-0.637011692451787
18199	-4.74647367271846
18200	-0.034744566360889
18201	-4.0878274355206
18202	0.958019261498642
18203	0.226277262178704
18204	-2.25144950369396
18206	-4.16225188675699
18209	-2.15070234175966
18210	-3.19132141706425
18211	-1.04635325398841
18212	1.25497365196442
18213	-5.65247156303625
18214	-0.47907639632231
18216	-0.373808348831514
18217	2.52102658110161
18218	-1.57106349256987
18219	1.29490496176252
18220	0.504189463356466
18221	-1.56345314284152
18222	0.890786040043023
18223	-2.9770884654975
18224	-3.34595072212626
18225	1.12201145227247
18226	-0.379582355396509
18228	-3.21444194265783
18229	-2.89321789086783
18230	-2.36875736842146
18231	-1.00518592499429
18232	-3.8577681927735
18233	2.87413655225053
18234	2.47514087301718
18235	1.03226921331199
18236	-1.90345612964222
18237	-0.666129030835969
18238	0.50911640144789
18239	2.71449223498396
1919	-0.865765371881597
1923	-2.90875196722569
1924	-0.664447247428141
1925	-4.56348918662343
1926	1.29077676918591
1929	-0.671124374303711
1931	-2.75349567713419
1932	-0.516942041925773
1933	-2.67840384047803
1934	-5.11850495846691
1935	1.08273881108349
1936	-0.686170119328498
1937	-3.59695662337365
1938	2.96548284615162
1940	-6.46708168953316
1941	-3.59799268077797
1942	-2.26241571399115
1943	-4.53274679048168
1944	-0.205903559943038
1945	-0.458698092215695
1947	-1.78761994780183
1948	-0.780788919015338
1950	-4.77467672753324
1951	2.01133447057102
1952	-4.29100835982485
1953	1.3433060440753
1954	-0.941765437812658
1955	-1.95221870180939
1956	-0.00176203811426423
1957	1.02909871141523
1958	-1.4445792868681
1959	-2.57866315380778
1960	1.15229545145156
1963	0.360384017403063
1964	-0.721820114737496
2210	0.403379531193798
2517	-0.772650062552598
6810	0.879906667678113
6819	2.12886664340371
6821	-0.90437670182801
68411	-2.63578204385445
68416	-2.05024665468702
68419	-0.805255912471839
68420	1.47532673145448
68422	-2.40863181876871
68423	0.140192498482056
68424	0.328190842790583
68425	0.400897177995175
68427	-4.32006908679419
68428	-2.15677054723809
68430	-4.48567515117675
68431	-0.988394747872882
68433	-3.80852306171911
68434	-3.04893900785185
68435	-6.03145742403041
68454	0.170393966873138
68455	-1.21141052263388
68515	0.152176259640202
68522	-0.182120392971971
68586	1.30971822985201
68622	-0.709006780200512
68624	1.42296275214401
6863	-3.47774629041387
68637	-2.99377793584785
68658	-1.46573099568352
68682	-3.04787867572208
6870	0.179790808483223
6872	-0.751196090009641
6880	-0.827829250548941
6894	-3.88511381725906
6913	-3.1747845111545
6914	-3.49877512297508
6915	1.76208286135823
6925	-1.56731117274378
6929	0.683804231796856
6952	-1.61465933568288
6976	-1.86147000283742
7000	-1.42812955441952
7015	2.83593765481209
7016	0.0223164754406709
70460	-0.789885687494546
70475	2.61152135831899
70485	3.1370933751757
70490	2.18683308899316
70524	-0.189910401763742
70539	-1.6818865049002
70546	-2.20729127091648
70568	-3.87083712288237
70579	1.12717489638249
70594	-0.19178287784449
70609	-3.93122950243309
70614	-0.397801535888836
70635	-1.63081086658037
70640	1.26409489452184
70659	-2.54414772330963
70665	-0.724518595641954
70672	-2.88825134128013
70688	3.53795641404708
70696	-2.05978033786344
7095	0.40305468043385
7098	-2.79846476639654
7099	-0.228250916904076
716	-2.31814607642717
71673	-1.16657888655203
71674	0.329648246785426
71675	-2.2625581104025
71677	-0.549708848911199
71679	-0.464344311052202
71684	-3.04242971286601
71685	-0.628155587342032
71686	-1.7574058101174
71687	0.056614350315631
71688	-0.947056113714168
71689	-4.47246933675445
71690	2.37752865989548
71691	-1.14722822046414
71692	-1.42050228393563
71693	0.216092924526312
71694	-3.06782596144009
71695	0.613812119399156
71697	1.61119281257398
71698	-3.89870836685429
71699	-4.20320840397949
71700	0.237637872268238
71701	0.332664497574812
71702	1.04769441515379
71703	1.42617617277558
71704	-1.86627009632884
71705	-2.42841783749975
71706	-3.21297065742452
71708	-0.428690301122532
71709	-0.547575649817506
71710	-1.89163723570306
71711	-1.48165818993312
71712	-0.851353390854485
71713	0.756969276092559
71714	-2.54648044532014
71715	-1.00753433993033
71716	2.20255648207082
71717	-0.723056782240418
71718	-1.89506669449004
71719	-2.21296351337363
71720	-2.61056982449958
71721	-0.717874405240191
71722	-3.53550448082266
71723	-3.0309279173043
71724	-2.34839943415726
71725	-0.416795447226451
71726	-0.393985981805056
71727	-0.105023523475611
71728	1.65846690085833
71729	1.41894932708248
71730	-0.568714894508851
71731	-0.198002234458087
71732	2.96126816882797
71733	-1.50586789330936
71734	-1.41337586051035
71735	-3.15043472893825
71736	-0.381576040355431
71737	-4.04713343748028
71738	0.499629996673483
71739	-1.04496886081005
71740	-3.29807063483782
71741	-0.368673155686256
71742	-0.55790984223693
71745	0.293888529897127
71746	-3.6188822989274
71747	1.61470644587001
71748	-1.10365356496353
71749	1.3134550731104
71750	-4.42625315150105
71751	-2.2575869201272
71752	-1.02607134969691
71753	0.445346836253655
71754	-1.10528512043456
71755	0.166125474345566
71756	0.190786282574676
71757	-0.348950092652189
71758	-3.63904530143484
71759	-1.89713573886901
71760	-2.01089572479287
71761	-5.0522737106082
71762	-1.28056974999745
71763	0.68800136823289
71764	-3.68127706478453
71765	0.447115850657382
71766	0.0452250359789241
71767	-2.22064005846681
71768	2.077678855663
71769	0.212634203330939
71770	-2.12692625164362
71771	-3.03062286123784
71772	-2.21994424912428
71773	-4.82474089141141
71774	1.0188623276035
71775	-0.224695289753353
71776	-0.443507694653599
71777	-2.86410407704176
71778	1.64936085419711
71779	-2.10981916291089
71780	-0.507722411476821
71781	-2.11256301398998
71782	-5.91790497196357
71783	-1.59509050582083
71784	-0.447117200695628
71785	0.0186524431377271
71786	-0.233470329500082
71787	-1.98746658457636
71789	0.218805998276504
71790	2.42887471779253
71791	-3.88541942610267
71792	-0.534679758529546
71793	-1.17312282563559
71794	-2.86475890028783
71795	-4.16253688625517
71796	-0.988632837438236
71797	2.11671316778166
71798	-1.96978985749024
71799	-0.457487017176966
71800	-1.6871359494344
71801	-1.27272967080653
71802	-0.298308734490883
71803	-3.19633579069201
71804	-3.47655792032099
71805	-0.734034531629748
71806	-1.41646439881392
71807	-3.71242628201927
71808	-4.11922292942435
71809	-0.511958865398315
71810	0.541066467527568
71811	0.893920399297508
71812	0.380352884755886
71813	-2.7734340958542
71814	-1.71610402638609
71815	-2.23314367817889
71816	-0.305733959993689
71817	-7.88575662569622
71818	-1.50262013217098
71819	-1.92583362969246
71823	-1.49365715968608
71824	-2.43455820913532
71825	-2.89049289325043
71826	-0.00724173914029169
71827	-0.802559862914742
71828	1.1939814324973
71829	0.723286149742707
71830	-1.76401748070058
71831	0.133249841634037
71832	0.698299358937868
71833	-2.65607585599861
71834	0.590322606233085
71835	-2.34599509662299
71836	-2.42628627461674
71837	-3.48334860696489
71838	-3.11117785416766
71839	-2.39608320300172
71841	-2.37447925146853
71842	-3.53761681092977
71843	-1.86648097613025
71844	-2.29948378201058
71845	-2.05043031489884
71846	-3.16311995152064
71847	-4.41938429042797
71848	-3.69219901597464
71849	-2.5353139939671
71850	-2.75803813255224
71851	-3.95699440731073
71852	0.407279435821009
71853	-3.85176640708497
71855	-1.82674255412871
71856	0.454277801339292
71857	-2.02105063198869
71858	-3.57336686865592
71859	-2.5486749339093
71860	-2.48707254307445
71861	-0.118506057785917
71862	-1.58786523968562
71863	-2.60757033145203
71865	-0.60087906586141
71866	-1.4893668801995
71867	0.945809394369891
71868	-0.146387614666253
71870	-0.73156869885562
71871	-1.381778137066
71873	-4.97458454292457
71875	-3.23159356359031
71876	-1.1466076968645
71877	-1.71642459220481
71878	-0.921690404177641
71879	-0.177251290101314
71880	-2.39209496724196
71881	-0.365418206729042
71882	-1.7376586764527
71883	0.0557172868320028
71884	-1.91354461326242
71885	-2.92416483519659
71886	-0.157905957538509
71887	-3.12253695543999
71889	-2.32950921179731
71890	0.64675955666829
71891	-0.909051761316333
71892	-1.27525914794751
71893	-2.89661667664264
71895	-3.13684473557447
71896	-0.0484352991251376
71897	-1.20454333668823
71898	-2.1898277846554
71899	-1.04118171549057
719	0.253674307770354
71900	-0.299295622852495
71901	-3.647768543604
71902	-2.78758184760544
71903	1.2702576184008
71904	2.45006040694987
71906	1.90196638127002
71907	3.69451012781116
71908	-5.36051175621349
71909	-2.59559033396267
71910	1.9701481439411
71911	-1.82959349294527
71912	-4.48217546409676
71913	-1.18619603597412
71915	-3.40684374538912
71916	-3.40950446618047
71917	-2.44532041431186
71918	-2.72218796950644
71919	-3.50464942333997
71920	-2.4418611849892
71922	1.6698513844883
71923	-3.53532849014099
71924	-1.18218960247982
71925	1.32239004954364
71926	1.44939714581302
71927	1.07593104275339
71928	0.96317356220802
71929	-0.393903450053904
71930	-2.90091609289209
71931	-0.909826126604617
71932	0.203309369988361
71933	-2.69618986143618
71934	-0.169241702638629
71935	-1.11021067739558
71936	2.72696234132622
71937	-1.88442653715254
71938	-2.76284332406364
71939	-5.63541541293807
71940	-0.814551383878262
71941	-1.74446433001044
71942	-1.34966796946802
71943	-1.47824828802722
71944	-4.18175904131399
71945	-1.68006527531611
71946	-0.853788185692313
71947	-0.341331299456177
71948	2.43384347484262
71949	-2.88362343583272
71950	-1.80065986724021
71951	-3.67174107024197
71952	0.843927411388404
71954	-0.610335158191438
71955	-3.09154773104756
71956	-1.90060201142888
71958	0.865192116846777
71959	-4.52155234497822
71960	-0.403660929654078
71961	0.00249332682492422
71962	-0.150861723670126
71963	-1.56300164495945
71964	-2.88607666851955
71965	-0.407325792699589
71966	2.8162624707486
71967	-1.70708255047313
71968	-2.09387643571318
71969	-0.874156728050589
71970	1.17360966276593
71971	-0.452638596499508
71972	0.199631557488967
71973	1.71807264914587
71974	-3.40980981131759
71975	-0.0526492011686857
71976	-7.53383697509192
71977	-0.840965698238192
71978	-2.01736857135931
71979	-1.04422012925581
71980	-1.55051723414603
71981	-1.12879573724528
71982	-0.533087926679011
71983	-2.14726433676805
71984	-4.95746747172788
71985	1.28215876915382
71986	-1.15666712600175
71987	0.273430906223474
71988	-5.26890026110542
71989	-0.984069636459541
71991	0.811988662456022
71992	3.140041771716
71993	-3.15542276313577
71994	-1.73426117101199
71995	-3.76518419127852
71996	0.370579549514484
731	-1.10971077769091
732	-0.495231044286907
736	1.29210138129745
742	-3.55166822335094
744	-3.02054604172514
74458	3.28669599236283
746	-0.400579618235273
751	1.61010492996001
76348	1.44941741010402
76349	1.30564368540856
76350	-2.73048978491711
76351	-6.95831614075489
76352	2.57907842902664
76353	0.418976217320948
76354	-4.87395047906061
766	-2.27862798120864
76655	-0.737820670262411
775	0.489234233209842
777	-0.679911451938211
783	-0.445052260233238
785	-2.11348846989707
786	-3.85754257926166
787	0.623731726258663
791	3.69533714737024
797	-1.51898902013533
812	-0.972157746464684
813	-0.788381418013576
816	0.715804391245998
828	-0.806792037986783
834	3.82726039652907
843	-0.16001746915137
849	1.8316557323778
850	-0.821689602828554
851	-2.61839689118666
859	-2.65475848640452
871	-0.758657338003978
886	-1.67202204252672
892	-1.40224107485723
894	-4.01858956207551
896	-3.9233442855423
931	-1.40812261403591
933	0.245090377216685
937	-1.2152753501012
946	-0.518459520954464
948	-0.466306387681969
952	-0.82815330993311
962	-0.882982946024977
966	-0.466259802787795
976	-0.14553322606524
981	0.11669894657905
991	-2.13399379870123
MAP15387421	-1.19383704970076
MAP22868024	0.947939222272534
MAP26637867	2.43863697122823
MAP29629849	1.44418105396114
MAP33332646	-1.96474278231928
MAP34726040	-0.196445969375624
MAP46246604	-1.26151648686334
MAP46251007	-2.81455911287478
MAP50103679	-0.786016464662369
MAP50104134	-3.04020267168643
MAP50104846	2.00878104116688
MAP50106442	-1.92754777907404
MAP50106992	1.53339966959806
MAP50108462	-1.03957776927138
MAP50301099	-2.12107096954951
MAP50302680	-1.25552236046439
MAP50402431	-1.5030132342485
MAP50409406	0.208745734288796
MAP61344957	0.415271302432614
MAP85980779	-3.31900277113769
MAP87264456	-1.90426261358589
MAP89164957	-4.40176778267652
MAP93787649	-1.80247433963066
MAP95330358	-4.94421757245119
MAP95453354	1.82665589724229
ROS10524640	-2.00106462464334
ROS11430815	-0.759753622991326
ROS11697592	-1.18379247219434
ROS15114174	-1.97870891864367
ROS15738428	-1.14778315868774
ROS20225051	-0.0460932009500743
ROS20251553	-2.32981504198726
ROS20254452	-0.809853302086251
ROS20275399	-2.21408002874087
ROS20327084	1.57437711239004
ROS20376029	0.882112101753205
ROS20945666	-2.73049808265957
ROS20946257	1.45279473063456
ROS20990085	-1.87482674921753
ROS20998065	-2.95824632126255
ROS21001807	-3.83575962416876
ROS21112011	2.45522020047949
ROS21113864	-0.978962696544714
ROS21274866	0.2267595420709
ROS79590778	2.19298584119334
SM-CJEFQ	-0.82103626333338
SM-CJEFR	0.100373079194935
SM-CJEFS	-2.36601242828401
SM-CJEFU	-0.700768761932281
SM-CJEFV	-0.640699448900751
SM-CJEFW	-1.72778329203538
SM-CJEFX	-1.54555597215594
SM-CJEFY	2.34883533389576
SM-CJEFZ	-4.84146588590764
SM-CJEG1	1.67310464459364
SM-CJEG3	0.10126090906689
SM-CJEG4	-1.44047497061006
SM-CJEG6	1.019734881403
SM-CJEG7	5.45279098680576
SM-CJEG8	-0.824513335330245
SM-CJEG9	-2.95830265244437
SM-CJEGA	-6.66729019362397
SM-CJEGB	-0.990829895271433
SM-CJEGC	-1.31805615977717
SM-CJEGD	0.871396549139944
SM-CJEGE	-3.17264203735405
SM-CJEGF	1.17609399129836
SM-CJEGG	0.776022319640781
SM-CJEGH	1.72157869060239
SM-CJEGI	-4.5407467178808
SM-CJEGJ	0.638452065265576
SM-CJEGK	-0.667508643902034
SM-CJEGM	-1.67057403313505
SM-CJEGN	-3.22085272763359
SM-CJEGO	0.282289402110098
SM-CJEGP	-0.360716060092978
SM-CJEGQ	1.71226753091588
SM-CJEGR	-4.79571892909411
SM-CJEGS	-0.252934049709625
SM-CJEGU	-3.52505007922646
SM-CJEGV	0.738510180603022
SM-CJEGX	-3.7814467524881
SM-CJEGY	-2.19119958932287
SM-CJEGZ	-2.40549028936376
SM-CJEH1	0.509887376488837
SM-CJEH2	-0.65523726589106
SM-CJEH3	-2.78975236069739
SM-CJEH4	1.1209425854577
SM-CJEH5	0.239532861399931
SM-CJEH6	-0.675937737763453
SM-CJEHA	-1.71082345351706
SM-CJEHD	1.33241111205381
SM-CJEHE	-1.29500367632123
SM-CJEHF	-2.81166185474
SM-CJEHG	-1.24405337764143
SM-CJEHH	0.916022718130645
SM-CJEHI	-2.21759293989389
SM-CJEHJ	-1.05900074048113
SM-CJEHK	-0.773265183764065
SM-CJEHL	-0.375285291194711
SM-CJEHM	-1.76018297274841
SM-CJEHN	0.496899830235514
SM-CJEHP	-2.06020522081265
SM-CJEHQ	-0.67204508638471
SM-CJEHR	0.258237798013439
SM-CJEHS	-0.8450320305852
SM-CJEHT	-1.37389780285696
SM-CJEHU	-0.320088345750257
SM-CJEHV	-2.68817707723553
SM-CJEHW	2.91094203378701
SM-CJEHX	3.76013788015686
SM-CJEHY	-2.74922384197939
SM-CJEHZ	-2.16894029042077
SM-CJEI1	3.39035477443408
SM-CJEI2	2.61418424834526
SM-CJEI3	-1.60389122981411
SM-CJEI4	1.13705315080628
SM-CJEI5	-4.4005537344808
SM-CJEI6	-1.18377998249272
SM-CJEI7	-0.6151447408624
SM-CJEI9	1.1621713128175
SM-CJEIA	-1.18104526693531
SM-CJEIB	-1.59376942656556
SM-CJEIC	1.90781265608386
SM-CJEID	1.52480589722754
SM-CJEIE	-2.81345158729176
SM-CJEIH	-2.17594692219112
SM-CJEIJ	-1.61902854645227
SM-CJEIL	1.02612344296237
SM-CJEIM	-1.1226789032604
SM-CJEIN	-0.588631598110227
SM-CJEIO	2.64050487847155
SM-CJEIP	0.143945093947255
SM-CJEIQ	-4.96869957978021
SM-CJEIR	-0.578997760727183
SM-CJEIS	-2.12887488364706
SM-CJEIU	-2.45074343330324
SM-CJEIV	-1.98593232998531
SM-CJEIW	-3.40565004946558
SM-CJEIX	0.460751716180418
SM-CJEIY	-1.05994619625618
SM-CJEJ2	-2.5699593069886
SM-CJEJ3	0.0699328865489857
SM-CJEJ4	-0.565884822166895
SM-CJEJ5	-0.325335269466054
SM-CJEJ6	-3.15110313979244
SM-CJEJ7	-0.0349190038804524
SM-CJEJ8	-1.12183681761168
SM-CJEJ9	0.554099651329142
SM-CJEJA	2.55210292217168
SM-CJEJB	-0.909861997618651
SM-CJEJD	-3.40902606257236
SM-CJEJE	-2.322730486283
SM-CJEJG	-1.04211088695994
SM-CJEJH	-1.04577732713448
SM-CJEJI	0.262242100261123
SM-CJEJJ	-4.77677350104064
SM-CJEJK	-1.23249361603656
SM-CJEJL	-1.09213441225662
SM-CJEJM	-3.40483498713164
SM-CJEJN	-0.118023456426402
SM-CJEJO	1.80945880484789
SM-CJEJP	-0.592250674387347
SM-CJEJQ	0.708412014256506
SM-CJEJR	-1.71794431813965
SM-CJEJS	-2.10856946623247
SM-CJEJT	0.19392872648627
SM-CJEJU	2.94290551457918
SM-CJEJV	-0.995769728871814
SM-CJEJW	-2.19858329148456
SM-CJEJY	0.244362943388126
SM-CJEJZ	-0.455435048314159
SM-CJEK1	2.57281708759124
SM-CJEK3	-1.33637171424043
SM-CJEK4	-3.04607401012507
SM-CJEK5	-4.50752864160059
SM-CJEK6	-1.51659700975663
SM-CJEK7	1.0343541162657
SM-CJEK9	-0.579643535940038
SM-CJEKA	-0.711873761132645
SM-CJEKB	0.0272488839565561
SM-CJEKC	-0.788010045848641
SM-CJEKE	-0.548936192826695
SM-CJEKF	-0.529399288093392
SM-CJEKG	-3.12600897540182
SM-CJEKH	-1.26730318853742
SM-CJEKI	-4.10733501493825
SM-CJEKJ	-0.0689080316713955
SM-CJEKK	-0.856601549708707
SM-CJEKL	-1.25637565457868
SM-CJEKM	-1.86625046593634
SM-CJEKN	-1.53587098359071
SM-CJEKO	-0.00230991383430446
SM-CJEKP	-1.85150322512424
SM-CJEKQ	-2.24104504623215
SM-CJEKR	-2.31732209941329
SM-CJEKS	-2.77294068409071
SM-CJEKV	-3.42869369430156
SM-CJEKW	1.05002238896971
SM-CJEKX	-3.97277200306839
SM-CJEKY	-0.975987924441807
SM-CJEKZ	-0.80458227957822
SM-CJEL2	0.924081725570735
SM-CJEL3	-1.56916554407918
SM-CJEL6	-4.88672353138096
SM-CJEL7	-0.286615441969196
SM-CJFK4	-3.25420522038643
SM-CJFK5	-1.74393074136379
SM-CJFK6	-0.938828507570247
SM-CJFK7	-0.657318118665928
SM-CJFK8	-0.821306743831756
SM-CJFK9	-2.92483101693577
SM-CJFKA	-3.06838609273767
SM-CJFKB	-0.282526513128461
SM-CJFKD	1.56983327272658
SM-CJFKE	-4.2877245736714
SM-CJFKF	0.942192109849014
SM-CJFKG	-1.9801021861837
SM-CJFKH	-1.01937344322504
SM-CJFKI	-1.40891166803375
SM-CJFKJ	-1.29585714022095
SM-CJFKK	-1.18273005181645
SM-CJFKM	0.289076633797429
SM-CJFKO	-2.1905904438453
SM-CJFKP	-0.627669270500673
SM-CJFKQ	1.76926021025962
SM-CJFKR	0.407926902461986
SM-CJFKS	2.49399396540619
SM-CJFKT	-0.891283515313787
SM-CJFKU	-2.45901609130351
SM-CJFKV	-1.43080413742594
SM-CJFKW	0.480031738908667
SM-CJFKX	0.788022980475326
SM-CJFKY	-0.317979945295034
SM-CJFKZ	0.0234757332382243
SM-CJFL3	-2.94785940886228
SM-CJFL4	-0.993958030839755
SM-CJFL5	-4.34176608591085
SM-CJFL7	-2.67375443515275
SM-CJFL8	2.90404407384336
SM-CJFL9	0.535428016116178
SM-CJFLA	-5.37374896659723
SM-CJFLB	0.091003432766837
SM-CJFLC	0.450745104819679
SM-CJFLD	-1.52261837880526
SM-CJFLE	-2.23713569330346
SM-CJFLF	2.75015197447705
SM-CJFLG	-2.30291193639598
SM-CJFLH	-1.84169042760382
SM-CJFLI	-1.18279700952242
SM-CJFLL	-0.298565265692352
SM-CJFLM	2.17509144908622
SM-CJFLO	-1.67136825710519
SM-CJFLQ	1.48905660487323
SM-CJFLR	0.49805009057923
SM-CJFLS	-0.244849674145613
SM-CJFLT	0.28317925440344
SM-CJFLV	-0.773539919468435
SM-CJFLW	-1.32250520785974
SM-CJFLX	-2.51788275050414
SM-CJFLY	1.3008170539155
SM-CJFLZ	-1.25231334836966
SM-CJFM1	-3.57017876167917
SM-CJFM2	1.71565769691056
SM-CJFM3	-4.19214611170586
SM-CJFM4	-0.125405028847006
SM-CJFM5	-2.4644375159588
SM-CJFM6	1.63906752979916
SM-CJFM7	-2.00876279123897
SM-CJFM8	-3.87197515469616
SM-CJFM9	0.506304265895537
SM-CJFMA	1.37278484683606
SM-CJFMB	0.0726982406905211
SM-CJFMD	-2.22347094288461
SM-CJFME	-3.21538847738756
SM-CJFMH	-2.83394228076698
SM-CJFMJ	-4.53826388946612
SM-CJFMK	0.231192313099448
SM-CJFMM	-2.63205237405789
SM-CJFMO	-1.29379859174256
SM-CJFMP	-4.05152761536599
SM-CJFMQ	0.0586845379411119
SM-CJFMR	-0.0244318268407717
SM-CJFMT	-3.02759554047041
SM-CJFMU	-1.38826298080469
SM-CJFMV	-5.46359099114801
SM-CJFMW	0.976248505900889
SM-CJFMX	-1.65883214275508
SM-CJFMY	-3.12748195968425
SM-CJFMZ	-1.87129270901696
SM-CJFN1	-3.64250728970122
SM-CJFN2	2.50702547734977
SM-CJFN3	0.159245605171868
SM-CJFN4	-1.55790054754454
SM-CJFN5	-0.670442152505574
SM-CJFN6	-0.475460941611767
SM-CJFN7	-1.25489087681468
SM-CJFN8	1.42999010840229
SM-CJFN9	-4.44375664252589
SM-CJFNA	-1.27034232957354
SM-CJFNB	0.0569939069733054
SM-CJFNC	-2.92046680646645
SM-CJFND	-0.221233848204317
SM-CJFNE	-2.81031690222312
SM-CJFNF	1.58012680533035
SM-CJFNG	-1.38059215085916
SM-CJFNH	-3.98179193090661
SM-CJFNI	-0.727437384037021
SM-CJFNJ	3.35715766875875
SM-CJFNK	-3.44332698138965
SM-CJFNL	-2.68991566403606
SM-CJFNM	2.39133256542502
SM-CJFNO	3.46949351353485
SM-CJFNP	-0.788495879043917
SM-CJFNQ	2.75463726260619
SM-CJFNR	-3.31307594753145
SM-CJFNS	-0.861644887865972
SM-CJFNT	-0.147324327239274
SM-CJFNU	-1.20017748206108
SM-CJFNV	-0.597881384628803
SM-CJFNW	2.0978331932336
SM-CJFNX	-0.280102809577891
SM-CJFNY	-0.918272129032395
SM-CJFO1	-3.54383323800319
SM-CJFO2	-1.31328952333327
SM-CJFO3	-0.0263631582057651
SM-CJFO4	1.18390265652639
SM-CJFO5	0.790601563120734
SM-CJFO6	4.22274339523412
SM-CJFO7	-1.45881603202747
SM-CJFO8	-1.18823864147213
SM-CJFO9	-1.58154187924336
SM-CJFOA	3.24560242544191
SM-CJFOC	-1.94808966021675
SM-CJFOD	-0.56933387722018
SM-CJFOE	-3.84559350346403
SM-CJFOF	0.944480059849828
SM-CJFOH	-1.97248617203724
SM-CJFOI	0.476129806359594
SM-CJFOJ	-3.5377840751124
SM-CJFOK	-2.37494694769654
SM-CJFOL	-1.06860079700303
SM-CJFOM	-1.64407722900049
SM-CJFON	-3.14598707203234
SM-CJFOO	1.16304298605679
SM-CJFOP	-3.14029579523534
SM-CJFOQ	-1.39977498007234
SM-CJFOR	-0.268623908620309
SM-CJFOS	-1.04133141689421
SM-CJFOT	-1.27926742916317
SM-CJFOU	-3.10510707308992
SM-CJFOV	-0.349611300676962
SM-CJFOW	-0.32773323630951
SM-CJFOX	-1.56329148271384
SM-CJFOY	-1.02136087217539
SM-CJFOZ	-0.994352242249962
SM-CJFP1	0.900432159714396
SM-CJFP2	0.36673710382714
SM-CJFP3	1.85165688473542
SM-CJFP4	-0.10224384427678
SM-CJFP5	-1.59468844997701
SM-CJFP6	-0.0941559732339887
SM-CJFP7	-3.97982124605357
SM-CJFP8	-3.39687040303577
SM-CJFP9	-1.62673276355163
SM-CJFPA	1.14712620589561
SM-CJFPB	1.68436831540781
SM-CJFPC	-3.02115175264112
SM-CJFPD	-1.54470698137142
SM-CJFPE	1.00591223678828
SM-CJFPF	-1.35943841096297
SM-CJFPG	-1.37085083954369
SM-CJFPH	-4.75528160879378
SM-CJFPI	-4.00793797535169
SM-CJFPJ	-1.8608066336968
SM-CJFPK	-3.02207707225616
SM-CJGGK	-0.773872710173549
SM-CJGGL	-2.45848467882798
SM-CJGGM	-1.5999240393894
SM-CJGGN	-2.35203358842249
SM-CJGGO	-0.530460245289313
SM-CJGGP	0.302337292761388
SM-CJGGQ	-2.67757491185738
SM-CJGGR	-2.4954550182964
SM-CJGGS	-0.391247206458806
SM-CJGGT	-2.20844277659447
SM-CJGGU	-1.55104462028976
SM-CJGGV	1.26502754969691
SM-CJGGW	-3.2230480616148
SM-CJGGX	2.91334136262783
SM-CJGGY	-2.6048354746573
SM-CJGGZ	-0.668911055414648
SM-CJGH1	-0.111208514276317
SM-CJGH2	-3.75653746107559
SM-CJGH3	1.08392989203908
SM-CJGH4	-1.3341462520605
SM-CJGH5	0.69835390505616
SM-CJGH6	1.25807731756226
SM-CJGH7	-1.66238004291426
SM-CJGH8	-2.33398409759192
SM-CJGH9	1.00756075410234
SM-CJGHA	-3.94552622617722
SM-CJGHB	-2.25554058911678
SM-CJGHC	-0.803942791473402
SM-CJGHD	-0.936899573385257
SM-CJGHE	1.08426417521535
SM-CJGHF	-0.990430036438088
SM-CJGHG	-0.818746044692743
SM-CJGHH	1.86522060962042
SM-CJGHI	-2.49517688953116
SM-CJGHJ	-2.47245168896564
SM-CJGHK	0.894172569899908
SM-CJGHL	-3.11515945196124
SM-CJGHM	2.63625395118089
SM-CJGHN	3.10152657412651
SM-CJGHO	2.86653173792236
SM-CJGHP	-3.12978303651396
SM-CJGHQ	0.177770988106316
SM-CJGHR	0.406174009155714
SM-CJGHS	-1.55938955175447
SM-CJGHT	-2.18448519636565
SM-CJGHU	-0.387147469409316
SM-CJGHV	-2.51813632040748
SM-CJGHW	0.1484460562963
SM-CJGHX	-0.922853925876773
SM-CJGHY	-2.48781408573461
SM-CJGHZ	-4.20505512980679
SM-CJGI1	-4.16719541995216
SM-CJGI2	-1.24856200887182
SM-CJGI4	0.0842262771443445
SM-CJGI5	-1.7695994999676
SM-CJGI6	-1.89073170878219
SM-CJGI8	1.66836701130347
SM-CJGI9	0.459138414890672
SM-CJGIA	1.34177424305467
SM-CJGIB	-1.24041269710285
SM-CJGIC	-3.00008601291949
SM-CJGID	4.32035277808944
SM-CJGIE	-0.163495546560629
SM-CJGIF	-2.7410747280964
SM-CJGIG	-4.55961704558242
SM-CJGIH	-2.20550909191048
SM-CJGII	-3.68174394207619
SM-CJGIJ	-4.87273899387814
SM-CJGIK	-6.1011861120437
SM-CJGIL	2.45534353464679
SM-CJGIM	-1.08551093760016
SM-CJGIN	-0.309739951068651
SM-CJGIP	-0.35940058239144
SM-CJGIQ	-0.0535338850119058
SM-CJGIR	-1.2115722147039
SM-CJGIS	-3.4991969434919
SM-CJGIT	-3.05808398233769
SM-CJGIU	0.652757929179838
SM-CJGIV	-0.327017272336406
SM-CJGIW	-0.219518546250655
SM-CJGIX	-3.45526710229258
SM-CJGIY	-3.85355582793895
SM-CJGIZ	0.0320599133607638
SM-CJGJ1	-2.00617510726371
SM-CJGJ2	-2.03404543457308
SM-CJGJ3	-4.82995220171409
SM-CJGJ4	-3.19612575440394
SM-CJGJ5	-1.52360664575837
SM-CJGJ7	-1.77859472530928
SM-CJGJ8	-3.6178824234103
SM-CJGJ9	-0.356471135240556
SM-CJGJA	-3.01496717208979
SM-CJGLD	0.0394391674233341
SM-CJGLE	-3.93532546514565
SM-CJGLF	2.16371666213562
SM-CJGLG	1.44392605273759
SM-CJGLH	-2.52892774623516
SM-CJGLI	-0.752743161745562
SM-CJGLJ	-2.0337117469035
SM-CJGLK	-1.88121615268241
SM-CJGLM	-1.67064391341088
SM-CJGLP	-3.34016907435414
SM-CJGLQ	-1.1174261764555
SM-CJGLR	-3.22281926067896
SM-CJGLS	-3.19691363200698
SM-CJGLT	-1.34945964988713
SM-CJGLU	1.68304818422079
SM-CJGLV	-4.10704396147973
SM-CJGLW	-0.519738754166775
SM-CJGLX	0.249097579884128
SM-CJGLY	-1.55586878384358
SM-CJGLZ	-2.80596319593809
SM-CJGM2	-2.37160831786615
SM-CJGM3	-2.96298692817144
SM-CJGM4	-3.60154532980118
SM-CJGM5	0.134295331487368
SM-CJGM6	-1.23696208396389
SM-CJGM7	0.0306370009647876
SM-CJGM8	1.05874361447104
SM-CJGM9	-2.92421479903835
SM-CJGMA	-0.212830358412265
SM-CJGMC	0.636334211362583
SM-CJGMD	-2.70549355840114
SM-CJGMG	-1.88648987803607
SM-CJGMH	-2.06195564497909
SM-CJGMI	2.19574764985776
SM-CJGMJ	-2.85602440525048
SM-CJGMK	-0.84776022045645
SM-CJGML	2.04914997761258
SM-CJGMM	-1.65066452732352
SM-CJGMN	1.39958545428506
SM-CJGMO	-0.580321873767793
SM-CJGMP	-1.82873643426709
SM-CJGMQ	-1.65199718249658
SM-CJGMR	-0.309877550944808
SM-CJGMS	-2.49671922017769
SM-CJGMT	1.59375321094615
SM-CJGMU	1.99978595413773
SM-CJGMV	-3.77753395195026
SM-CJGMX	-2.36424465112886
SM-CJGMY	-2.2434678175302
SM-CJGMZ	-0.479486112229433
SM-CJGN1	2.13559165367776
SM-CJGN2	0.175144678393488
SM-CJGN3	-3.81751465304188
SM-CJGN4	-1.37863640284976
SM-CJGN5	-2.05655209519349
SM-CJGN6	-4.60845737979674
SM-CJGN7	0.295008272227374
SM-CJGN9	-3.53124005528685
SM-CJGNB	-1.98508264280274
SM-CJGNC	-2.95593342854903
SM-CJGND	-0.333721670381407
SM-CJGNE	2.62738352838793
SM-CJGNF	-3.00224983281086
SM-CJGNG	2.63549349285108
SM-CJGNH	0.597263864855851
SM-CJGNI	-3.54113472850534
SM-CJGNJ	0.303997363662928
SM-CJGNK	0.391931625901437
SM-CJGNL	-1.76112837116276
SM-CJGNM	-1.15482270687492
SM-CJGNN	-3.00542416560644
SM-CJGNO	-0.891824165304672
SM-CJGNP	0.87030421847843
SM-CJGNQ	-0.0367267080901838
SM-CJGNS	-1.69109406195183
SM-CJGNT	-2.17715103645558
SM-CJGNU	-2.61880714270902
SM-CJGNX	-2.15355738618378
SM-CJGNZ	-0.157145433629513
SM-CJGO1	-4.28855267813194
SM-CJGO2	-1.57748762876505
SM-CJGO3	1.93866159038037
SM-CJIWR	-2.84260940293252
SM-CJIWS	0.0496991371925447
SM-CJIWT	-4.00303377548491
SM-CJIWU	-2.49220500975985
SM-CJIWV	-0.499072986431745
SM-CJIWW	-2.92936299235696
SM-CJIWX	-0.386693232294741
SM-CJIWY	-1.4210432478751
SM-CJIX1	0.162757489008735
SM-CJIX2	4.03912145285533
SM-CJIX3	-1.83041716551733
SM-CJIX4	1.59606349647479
SM-CJIX5	-1.0258568787866
SM-CJIX6	0.324464731693507
SM-CJIX8	-0.0415992399664988
SM-CJIX9	-2.2830248952624
SM-CJIXA	-2.667707850246
SM-CJIXB	-0.42912307360202
SM-CJIXC	0.161268017684975
SM-CJIXD	-0.234722684975185
SM-CJIXE	-1.89603665675115
SM-CJIXG	1.14405306163981
SM-CJIXH	0.139249040820891
SM-CJIXI	1.6090582705098
SM-CJIXJ	-0.204085799954881
SM-CJIXK	0.706062914299804
SM-CJIXL	-3.38728461914898
SM-CJIXM	1.10465192574822
SM-CJIXO	-3.26392440420282
SM-CJIXP	0.0228516242313074
SM-CJIXQ	-1.77749648942074
SM-CJIXR	-3.05443161145268
SM-CJIXS	-6.19495977948343
SM-CJIXT	0.135595597885424
SM-CJIXU	-1.58566477287439
SM-CJIXV	0.389234076611669
SM-CJIXW	-0.123807190068386
SM-CJIXX	-0.774667254017856
SM-CJIXY	-0.546153818829431
SM-CJIXZ	-4.99649171635477
SM-CJIY1	-2.71227086763802
SM-CJIY2	-1.20985643382392
SM-CJIY3	-3.16448481814689
SM-CJIY4	-2.74407820657534
SM-CJIY5	3.31258175326663
SM-CJIY6	2.11319747440172
SM-CJIY7	1.50001379874382
SM-CJIY8	-2.21952884243567
SM-CJIY9	-3.48380334229285
SM-CJIYA	0.866068560869156
SM-CJIYB	-3.56076999979254
SM-CJIYC	0.944405475947033
SM-CJIYD	3.47053343859379
SM-CJIYE	0.046256795012605
SM-CJIYF	0.197561206112897
SM-CJIYG	-4.23312861373026
SM-CJIYH	-1.31595685168877
SM-CJIYI	-3.48686662156081
SM-CJIYJ	0.116719874279631
SM-CJIYK	-0.518447070244014
SM-CJIYL	-4.0604372789747
SM-CJIYM	1.41389931398338
SM-CJIYN	-1.46347549603632
SM-CJIYP	-1.5456768795292
SM-CJIYQ	-1.36355922058539
SM-CJIYR	0.721965781972555
SM-CJIYU	-2.17390311199936
SM-CJIYV	-0.402351509127771
SM-CJIYW	-0.401590462070322
SM-CJIYX	-3.83212790604219
SM-CJIYY	-2.67931900448847
SM-CJIYZ	-4.55446817311028
SM-CJIZ1	-3.47162350449905
SM-CJIZ4	0.0578072459653129
SM-CJIZ5	-3.47663875926215
SM-CJIZ8	-1.16631536683088
SM-CJIZD	-0.796277698164082
SM-CJIZF	-0.026561539905487
SM-CJIZG	0.0965846912590036
SM-CJIZH	-1.24117361046029
SM-CJIZI	-0.0480487529569615
SM-CJIZJ	-1.24849487499955
SM-CJIZK	-4.64294560297533
SM-CJIZL	-1.32370601497017
SM-CJIZM	0.22278526198094
SM-CJIZO	1.69522764987379
SM-CJIZP	1.06331654942109
SM-CJIZQ	0.249164534284995
SM-CJIZR	3.66319624568237
SM-CJIZS	1.58523568920592
SM-CJIZT	-4.32511100494492
SM-CJIZV	0.396393921905806
SM-CJIZX	-1.72234822839743
SM-CJIZY	-2.26670432504971
SM-CJIZZ	0.596404638461913
SM-CJJ11	-0.614443382700941
SM-CJJ12	-4.43671274042653
SM-CJJ13	-3.14202986126786
SM-CJJ14	1.62989562120266
SM-CJJ15	-1.52459800744712
SM-CJJ16	1.28073482515609
SM-CJJ17	0.851387920465012
SM-CJJ18	-0.300034799020947
SM-CJJ19	-0.037571413362407
SM-CJJ1A	-1.38560040645682
SM-CJJ1B	0.49845193907914
SM-CJJ1C	0.105825887555373
SM-CJJ1D	-1.34999207742463
SM-CJJ1E	-1.07910935243621
SM-CJJ1F	0.549998371251765
SM-CJJ1G	-3.10181051159648
SM-CJJ1H	-2.18587724332642
SM-CJJ1I	-0.379303755905904
SM-CJJ1J	-0.200122627189569
SM-CJJ1K	0.165405237833412
SM-CJJ1L	-0.680259154454652
SM-CJJ1M	-0.824265353476682
SM-CJJ1N	-1.20892280189468
SM-CJJ1O	-2.03174431223006
SM-CJJ1P	-1.03033324811659
SM-CJJ1Q	-0.0433953707985433
SM-CJJ1R	-3.61056081661474
SM-CJJ1S	-0.665618275753684
SM-CJJ1T	-0.831350277320625
SM-CJJ1U	-0.770764713842292
SM-CJJ1W	-3.40300441793031
SM-CJJ1X	-1.95515047282931
SM-CJJ1Y	-2.15432857021187
SM-CJJ1Z	-2.14551940519624
SM-CJJ21	-3.50160695703067
SM-CJJ22	-2.10304723787872
SM-CJJ23	-0.91972551330142
SM-CJJ24	1.58087949290738
SM-CJJ25	2.78989196499101
SM-CJJ26	-1.35990652127053
SM-CJJ27	-4.86996572630411
SM-CJJ28	-0.347393065705926
SM-CJJ29	-0.421580328537087
SM-CJJ2A	-2.94489387407245
SM-CJJ2B	-2.20647467532245
SM-CJJ2D	2.3635593817935
SM-CJJ2E	-3.15897501018325
SM-CJJ2F	-2.28739621755974
SM-CJJ2G	-1.14156284165633
SM-CJJ2H	-1.66595188500492
SM-CJJ2I	-2.36493446140936
SM-CJJ2J	-2.22648290147953
SM-CJJ2K	1.90266623268821
SM-CJJ2M	-5.02757252778795
SM-CJJ2N	-2.25126874658473
SM-CJJ2O	-0.904068430882478
SM-CJJ2P	0.172153090749183
SM-CJJ2Q	0.923909070101085
SM-CJJ2R	-3.78190377263723
SM-CJJ2S	-0.843107894074687
SM-CJJ2T	-0.528761880649275
SM-CJJ2U	-4.03609520077337
SM-CJJ2V	-1.98097974700501
SM-CJJ2X	-1.08012005325484
SM-CJJ2Z	-0.179540636045413
SM-CJJ31	2.36997606839688
SM-CJJ32	-2.19444146526322
SM-CJJ33	0.462421154224908
SM-CJJ34	-1.8673426371844
SM-CJJ35	0.930474781182364
SM-CJJ38	-0.196279252454144
SM-CJK3B	-0.919743442479063
SM-CJK3C	-2.44279723634353
SM-CJK3D	0.251471297908811
SM-CJK3E	-1.54105275888913
SM-CJK3F	-1.02566117863982
SM-CJK3G	-1.95815300224937
SM-CJK3I	-3.53760768567349
SM-CJK3J	-2.14678152388315
SM-CJK3K	1.21663301960096
SM-CJK3L	0.0187770817646156
SM-CJK3O	-0.00345973422453705
SM-CJK3P	0.225906736236233
SM-CJK3R	3.60815398025822
SM-CJK3S	-1.9887181919049
SM-CJK3T	-2.83998627241105
SM-CJK3V	-2.51670990383353
SM-CJK3W	0.201842960879982
SM-CJK3X	-3.96871390169057
SM-CJK3Y	-1.92012658499154
SM-CJK3Z	4.15054062105627
SM-CJK41	-0.63311434009994
SM-CJK42	-0.454519908355766
SM-CJK43	-1.60711601925928
SM-CJK44	-3.13409827472477
SM-CJK45	0.883972831451181
SM-CJK46	-1.54827053878142
SM-CJK47	-1.33571791426362
SM-CJK48	-0.454144558356131
SM-CJK49	3.77144092595458
SM-CJK4A	-2.90954076472696
SM-CJK4C	-1.48523755298255
SM-CJK4G	-1.84899164923895
SM-CJK4H	0.557379768273681
SM-CJK4I	-0.638075003333756
SM-CJK4J	-3.56071376839743
SM-CJK4L	-0.59339455189367
SM-CJK4M	-1.05950743413834
SM-CJK4N	-5.63149084716065
SM-CJK4O	-1.17009101351634
SM-CJK4P	-3.17203657431729
SM-CJK4Q	1.08140657813934
SM-CJK4R	0.390881206002589
SM-CJK4S	3.24758366790778
SM-CJK4T	-2.41522405156416
SM-CJK4U	0.583726739787107
SM-CJK4V	-0.522481001421036
SM-CJK4W	-4.77525022900466
SM-CJK4X	-2.10470408136392
SM-CJK4Y	-2.76822571889275
SM-CJK4Z	-1.7346933219473
SM-CJK51	-2.05928537474993
SM-CJK52	-2.69941491947921
SM-CJK53	0.177321124645289
SM-CJK54	-1.61511030457731
SM-CJK55	-1.70769444352022
SM-CJK56	-3.42619317559721
SM-CJK57	-2.4530430149645
SM-CJK58	-4.80791040344021
SM-CJK59	-2.57032902207666
SM-CJK5A	-0.237234836501278
SM-CJK5B	0.968260515253975
SM-CJK5C	-3.10839388740657
SM-CJK5D	-0.446652190681673
SM-CJK5E	-3.84545880299548
SM-CJK5F	-1.94626238805665
SM-CJK5G	-2.55013450533052
SM-CJK5H	-2.22395818954335
SM-CJK5I	-2.93284550800206
SM-CJK5J	1.46356741518692
SM-CJK5K	-0.107585219523318
SM-CJK5L	-3.50594142222273
SM-CJK5N	-1.18081083562767
SM-CJK5P	2.7359419728397
SM-CJK5Q	-1.38092896212302
SM-CTDQE	2.09383492525163
SM-CTDQF	-2.22211340087248
SM-CTDQG	-2.63034076229386
SM-CTDQH	-1.52495488984376
SM-CTDQI	-0.83562315140804
SM-CTDQJ	-1.82037688422606
SM-CTDQK	-0.382424158468739
SM-CTDQL	0.490397238168162
SM-CTDQM	-2.10788251622146
SM-CTDQN	-1.04969717936755
SM-CTDQO	-1.61547215535851
SM-CTDQP	-1.36495591168267
SM-CTDQQ	-4.29464349525083
SM-CTDQR	-1.62523175436645
SM-CTDQS	-0.296318028984127
SM-CTDQT	-2.23208594339532
SM-CTDQU	-2.75893883005303
SM-CTDQV	-4.44765653524005
SM-CTDQW	-4.46066903661947
SM-CTDQX	-3.98741788353993
SM-CTDQY	-0.809366848717146
SM-CTDQZ	-0.382814881791835
SM-CTDR1	-4.86112241199378
SM-CTDR2	-2.82920365090139
SM-CTDR3	-0.743668419533441
SM-CTDR4	-1.85104057071049
SM-CTDR5	0.385205483850841
SM-CTDR6	-2.56975521183486
SM-CTDR7	1.32695438098061
SM-CTDR8	-2.08733298541956
SM-CTDR9	1.17316625492588
SM-CTDRA	-1.74205383425446
SM-CTDRB	-2.21639579959974
SM-CTDRC	-2.60124640315831
SM-CTDRD	-0.378631338090035
SM-CTDRE	-1.16845424108327
SM-CTDRF	1.32785256737882
SM-CTDRG	-0.0983549525602988
SM-CTDRH	1.59948009246232
SM-CTDRI	2.31955137936861
SM-CTDRJ	0.326730572745437
SM-CTDRK	-5.28529680858401
SM-CTDRL	-2.59329946065161
SM-CTDRM	-0.55376142155757
SM-CTDRN	0.815756690193846
SM-CTDRO	2.07413127383279
SM-CTDRP	-0.247056132443459
SM-CTDRQ	-0.00391956718639874
SM-CTDRR	-0.668034532330896
SM-CTDRS	-2.39401769590147
SM-CTDRT	-2.89459910846781
SM-CTDRU	-2.0943665892874
SM-CTDRV	0.281755250372304
SM-CTDRW	-0.507588426977411
SM-CTDRX	-4.24053285246914
SM-CTDRY	-3.22073969753608
SM-CTDRZ	0.144389409242322
SM-CTDS1	-1.28695045343008
SM-CTDS2	-2.10961716326696
SM-CTDS3	1.86949407917857
SM-CTDS4	1.26295011682972
SM-CTDS5	-0.0141177349855726
SM-CTDS6	-2.46849381293419
SM-CTDS7	-0.933156191977973
SM-CTDS8	0.397261705020699
SM-CTDS9	-4.09202204068198
SM-CTDSA	-1.39453455254501
SM-CTDSB	-3.49747394964803
SM-CTDSC	-2.85047949721801
SM-CTDSD	1.17136545520822
SM-CTDSF	0.887699314134495
SM-CTDSG	-0.98054564319638
SM-CTDSH	-0.174934806657467
SM-CTDSI	-2.5138346192589
SM-CTDSJ	3.49390706997826
SM-CTDSK	2.46961781403337
SM-CTDSL	-0.853052328082005
SM-CTDSM	-2.56312624953359
SM-CTDSN	-0.790446617665734
SM-CTDSO	-1.41992168126897
SM-CTDSP	0.341365796058762
SM-CTDSR	0.248113567253531
SM-CTDSS	-1.98687472038217
SM-CTDST	-2.31754249864171
SM-CTDSU	-2.96559126121039
SM-CTDSV	-2.57669013198732
SM-CTDSW	-1.03707603889883
SM-CTDSX	-1.06634373019151
SM-CTDSY	-1.82033025482098
SM-CTDSZ	-2.39402702885877
SM-CTDT1	-1.22445441093866
SM-CTDT2	-2.1111651632728
SM-CTDT3	1.86051253436431
SM-CTDT4	1.56560636441186
SM-CTDT5	-3.4366403620906
SM-CTDT6	-2.62647235581947
SM-CTDT7	1.08257437876454
SM-CTDT8	-2.01671169155208
SM-CTDT9	-1.50721261769735
SM-CTDTA	-2.66064858833791
SM-CTDTB	1.54447211958176
SM-CTDTD	-0.0199962606254171
SM-CTDTE	-0.820905892438254
SM-CTDTF	0.331938563148827
SM-CTDTG	-0.119293070558145
SM-CTDTH	-1.28997210890093
SM-CTDTI	1.412264812518
SM-CTDTJ	1.70187328793733
SM-CTDTK	-3.95356829192345
SM-CTDTL	-2.25699484738813
SM-CTDTM	1.16039509124766
SM-CTDTN	1.5113840051733
SM-CTDTO	-2.53093044232063
SM-CTDTP	-2.5371199497714
SM-CTDTQ	-1.49502958463121
SM-CTDTR	-3.173225396935
SM-CTDTS	-0.48497946465197
SM-CTDTT	-1.54389749946322
SM-CTDTV	1.01975669238792
SM-CTDTW	-0.637595724910297
SM-CTDTX	-3.49221291834109
SM-CTDTY	-0.761984247239662
SM-CTDTZ	-0.381162698819124
SM-CTDU1	1.47440507009256
SM-CTDU2	-1.87234243910784
SM-CTDU4	-0.329319973630389
SM-CTDU5	-4.0256524650453
SM-CTDU6	1.13341205182031
SM-CTDU7	2.13520648252843
SM-CTDU8	-5.16367284222886
SM-CTDU9	-2.22107840108123
SM-CTDUA	4.93944877703483
SM-CTDUB	-0.580414472706881
SM-CTDUC	-3.17832866203783
SM-CTDUD	-1.23799709668464
SM-CTDUE	-3.50455098584407
SM-CTDUF	-0.0126811965176792
SM-CTDUG	-2.5245449121882
SM-CTDUH	-1.48026450771895
SM-CTDUI	-1.23688608184424
SM-CTDUJ	0.230995819061661
SM-CTDUK	-2.10249858519833
SM-CTDUL	2.62127050636341
SM-CTDUM	-0.430159579084606
SM-CTDUN	-3.74634815389268
SM-CTDUO	-1.43794954762529
SM-CTDUP	0.891021920881746
SM-CTDUQ	-2.47218243912971
SM-CTDUR	1.73709712221168
SM-CTDUS	-1.49022294801139
SM-CTDUT	-3.75898759259063
SM-CTDUU	-0.30318296580874
SM-CTDUV	2.15194354180801
SM-CTDUW	-2.37523733906079
SM-CTDUX	-2.36389727438123
SM-CTDUY	-3.39128223725748
SM-CTDUZ	-2.4960061580479
SM-CTDV1	-1.20899684870006
SM-CTDV2	-3.12066595516871
SM-CTDV3	-1.06424357459175
SM-CTDV4	-1.57508960639858
SM-CTDV5	-1.35423774909492
SM-CTDV6	-2.76370298999782
SM-CTDV7	-1.15467836679017
SM-CTDV8	-1.52846641371613
SM-CTDV9	-1.12264723662539
SM-CTDVA	0.148797345941494
SM-CTDVB	-3.69335046396673
SM-CTDVC	1.86329598473096
SM-CTDVD	-4.7765269135803
SM-CTDVE	-3.01989527770506
SM-CTDVF	-4.59405248326536
SM-CTDVG	-1.78020499348263
SM-CTDVH	0.0121922660494633
SM-CTDVI	0.31915287482751
SM-CTDVJ	-1.08733722040355
SM-CTDVK	0.654658344123342
SM-CTDVL	1.38778964777698
SM-CTDVM	-0.599312550253615
SM-CTDVN	-0.628056320797907
SM-CTDVO	-2.14203021677468
SM-CTDVP	-3.43416203497071
SM-CTDVR	-0.112753115846157
SM-CTDVS	5.10166802441154
SM-CTECE	-2.66528832534529
SM-CTECF	-0.205892737101219
SM-CTECG	-3.67693924493428
SM-CTECH	-0.898576975009183
SM-CTECI	-4.75410563417682
SM-CTECL	-0.200441005061455
SM-CTECN	-5.35068855042764
SM-CTECO	-1.27612302572785
SM-CTECP	2.0175988365369
SM-CTECQ	-4.34059090249924
SM-CTECR	0.695633915717167
SM-CTECS	-1.60575673959662
SM-CTECT	-4.31687735095552
SM-CTECU	-2.26092595506536
SM-CTECV	-5.18826023716383
SM-CTECW	-1.00351366241334
SM-CTECX	-2.61421708891388
SM-CTECY	-1.90667445720909
SM-CTECZ	-0.67689801701595
SM-CTED1	-1.58643547771103
SM-CTED2	-0.791621465483348
SM-CTED3	-0.850395396910756
SM-CTED4	0.219400896955765
SM-CTED5	-3.80800704305233
SM-CTED6	-1.00052355254065
SM-CTED7	1.90897189749022
SM-CTED8	-1.95771143125922
SM-CTED9	-4.07612840126049
SM-CTEDA	-0.873047623010289
SM-CTEDB	1.28863773066871
SM-CTEDC	-0.523407233157609
SM-CTEDD	-1.39346898593997
SM-CTEDE	0.34532248702494
SM-CTEDF	0.113644132914208
SM-CTEDG	-1.15478829357932
SM-CTEDH	-1.882842095726
SM-CTEDK	-0.768231046101858
SM-CTEDL	-0.76544983879017
SM-CTEDM	-1.04385981561711
SM-CTEDN	-3.41053017562289
SM-CTEDO	1.22398674960905
SM-CTEDP	-4.20247221818539
SM-CTEDQ	-2.6187645884519
SM-CTEDR	-3.42863157999436
SM-CTEDS	-0.312267319515161
SM-CTEDU	-1.08198007437723
SM-CTEDW	-0.830854334215882
SM-CTEDY	-2.56223660588225
SM-CTEDZ	-0.176000521984034
SM-CTEE2	-0.988506295857555
SM-CTEE3	2.5934254894608
SM-CTEE4	-4.06208287587671
SM-CTEE5	-2.36544018791114
SM-CTEE6	-1.54429188854826
SM-CTEE7	-2.62236024966266
SM-CTEE8	-2.45989769162225
SM-CTEEA	0.0634963610376402
SM-CTEEB	-2.48778478773392
SM-CTEEC	0.946364472955406
SM-CTEED	-5.84593251681347
SM-CTEEF	-2.68635662454824
SM-CTEEG	-1.15328896774751
SM-CTEEH	0.0719858260052662
SM-CTEEI	0.929347393050505
SM-CTEEJ	-3.47269329772429
SM-CTEEK	-2.07374963308874
SM-CTEEL	-0.979260421252027
SM-CTEEM	0.771102985580319
SM-CTEEN	-1.67692327408807
SM-CTEEO	-3.6703744317004
SM-CTEEP	-4.11070513909847
SM-CTEEQ	-2.58736478239241
SM-CTEER	0.683225632489888
SM-CTEET	-1.07849890179654
SM-CTEEU	-3.45381349165615
SM-CTEEV	-1.2475338627281
SM-CTEEX	-1.74894760296174
SM-CTEEY	-4.64851382714545
SM-CTEEZ	1.31533079220161
SM-CTEF1	0.246275665438278
SM-CTEF2	-0.628499032631708
SM-CTEF3	-1.3994224467812
SM-CTEF4	-1.70366861779382
SM-CTEF5	2.23437639086884
SM-CTEF7	-2.32301931414757
SM-CTEF8	0.872151027329467
SM-CTEF9	2.93664990970662
SM-CTEFA	1.24967826455118
SM-CTEFB	-2.12465303860082
SM-CTEFC	-0.457329250145905
SM-CTEFD	3.00869801943694
SM-CTEFE	-5.29135491763944
SM-CTEFF	-0.7371830315068
SM-CTEFG	-2.49364306487244
SM-CTEFH	4.2254244549324
SM-CTEFI	-0.694651761232483
SM-CTEFJ	1.17604521445913
SM-CTEFK	-1.28519983168766
SM-CTEFL	0.441279430855313
SM-CTEFM	0.271767647373587
SM-CTEFN	-0.394877059767245
SM-CTEFO	-2.71560563133159
SM-CTEFP	-3.71495798762804
SM-CTEFQ	-2.23170158372338
SM-CTEFR	-0.938632504536743
SM-CTEFS	1.01088326190047
SM-CTEFT	1.5846765449963
SM-CTEFU	-1.44247183561194
SM-CTEFV	-3.54466855572762
SM-CTEFW	0.725013386089632
SM-CTEFX	-4.13201681216759
SM-CTEFY	1.21305201766507
SM-CTEFZ	-1.33833699911296
SM-CTEG1	-1.36041578115209
SM-CTEG2	-0.429247171548688
SM-CTEG3	-1.8570364912166
SM-CTEG4	-2.18868297528622
SM-CTEG5	-3.07514040592322
SM-CTEG6	-3.51524196306165
SM-CTEG7	0.719225782333151
SM-CTEG8	4.00676241852559
SM-CTEG9	-0.767652144001428
SM-CTEGB	1.12756830881884
SM-CTEGC	-4.7666055716817
SM-CTEGD	-3.53865814467366
SM-CTEGE	1.67687108699167
SM-CTEGF	0.837087197122834
SM-CTEGG	-2.90786669414671
SM-CTEGH	-1.2408406892431
SM-CTEGI	-4.26984065579713
SM-CTEGJ	-4.789331511052
SM-CTEGK	0.479592548814481
SM-CTEGL	0.882106875639556
SM-CTEGM	-0.271085472743392
SM-CTEGN	-0.908033727643699
SM-CTEGO	-3.240084131606
SM-CTEGP	-0.654232294754721
SM-CTEGQ	-2.92936232075409
SM-CTEGR	1.17351224623592
SM-CTEGS	-1.8363735096812
SM-CTEGT	-1.59261252359716
SM-CTEGU	-0.408850791688533
SM-CTEGV	-0.359444056687034
SM-CTEGW	-0.0788590851255527
SM-CTEGX	2.82630248673764
SM-CTEGY	-3.28659996976799
SM-CTEGZ	-0.536548996659032
SM-CTEI5	0.858533700705464
SM-CTEI6	-4.31551025449302
SM-CTEI7	-1.08915828458675
SM-CTEI8	-4.548654791663
SM-CTEI9	-0.731921689042379
SM-CTEIA	-3.70434946202499
SM-CTEIB	-3.00578158913843
SM-CTEIC	0.365489093722854
SM-CTEID	-0.635179215971537
SM-CTEIE	-1.64300495387431
SM-CTEIG	-3.44100515898809
SM-CTEIH	2.31450859662388
SM-CTEIJ	2.1246727222274
SM-CTEIK	1.79369479394093
SM-CTEIL	0.505762348447861
SM-CTEIO	-2.13301670059695
SM-CTEIP	-1.34120528004374
SM-CTEIQ	-2.41273667688063
SM-CTEIR	0.00522886093167951
SM-CTELS	-3.25519238247645
SM-CTELT	-1.60282067257045
SM-CTELU	-2.08097763262504
SM-CTELV	4.39259741391303
SM-CTELW	-0.761058215582035
SM-CTELX	-1.41859972777881
SM-CTELY	3.43293132861317
SM-CTELZ	0.48089174498894
SM-CTEM1	-1.80969275934668
SM-CTEM2	-3.65265918915262
SM-CTEM3	-1.7947336110251
SM-CTEM4	2.70035350982476
SM-CTEM5	0.858502361727451
SM-CTEM6	-1.29919580745603
SM-CTEM8	1.62477752412725
SM-CTEM9	-2.42103908189055
SM-CTEMB	-1.85161625727777
SM-CTEMC	-0.518422308677498
SM-CTEMD	-3.01180600578764
SM-CTEME	1.08011017434294
SM-CTEMF	1.14577085699712
SM-CTEMG	-2.77914164927746
SM-CTEMH	1.14004632205431
SM-CTEMI	-2.00150377197123
SM-CTEMJ	-0.0282438568688013
SM-CTEMK	-0.247211253710078
SM-CTEML	-2.31812086512682
SM-CTEMM	0.298164209706062
SM-CTEMN	-2.42494394071276
SM-CTEMO	0.102275331327993
SM-CTEMP	-0.225814229369034
SM-CTEMQ	0.555019408386753
SM-CTEMR	0.335119916109509
SM-CTEMS	-1.88785377375915
SM-CTEMT	-3.12254890444285
SM-CTEMU	0.223820791714963
SM-CTEMW	-2.07847251693406
SM-CTEMX	-4.19758943538889
SM-CTEMY	-0.18725906498392
SM-CTEMZ	-2.6854783099605
SM-CTEN1	-1.46860923661208
SM-CTEN2	-0.636422889240468
SM-CTEN3	-0.679461449002448
SM-CTEN4	1.05200059970249
SM-CTEN5	-1.05784589931704
SM-CTEN6	0.541507948263654
SM-CTEN7	0.544885135962834
SM-CTEN8	0.728009695339752
SM-CTEN9	0.314140638842071
SM-CTENA	-4.46789359015546
SM-CTENC	-0.430641106681539
SM-CTEND	-2.03333347381758
SM-CTENE	-0.940460163487127
SM-CTENF	-4.19963689187327
SM-CTENG	-3.36423583664891
